server.port=8085
home.lat=55.741146
home.lon=37.531220

